entropy :1.36096404744
entropy :1.36096404744
